sloth
rl5qgj5n4mc68qsekeig4j4jfs
1: (1, 1)
2: (2, 1)
3: (-1, 0.2), (0.5, 3)
4: (0, 0)
5: (1.25, 0), (4.25, 0)
6: (6.35, 5.35), (6.55, 4.4), (1.55, 2.55), (-4.6, 0.35), (-2.5, 2.3), (-0.45, 4.2), (-0.5, 6.25), (-0.55, 8.3), (1.55, 0.3), (1.5, -1.7), (3.55, -4.5), (-1.5, -3.8), (-6.35, -5.65), (-8.55, -7.75), (-11.44, -9.75), (-13.55, -9.75), (-6.5, -12.7), (-3.3, -17.55), (-4.4, -19.55), (-3.45, -7.55), (0.55, -12.55), (3.55, -12.55), (2.5, -15.45), (4.65, -18.45), (6.45, -15.35)
7: (-9.4, 1), (-7.5, 1), (-5.4, 3.466), (-2.4, 5.266), (-0.4, 8.33), (1.6, 0.266), (3.4, -1.66), (-0.6, -3.6), (3.6, 2.66), (5.8, 4.46), (8.6, 4.46)
8: (2.6, 22.4), (4.6, 18.3), (6.6, 14.4), (8.4, 11.3), (10.6, 9.2), (7.4, 9.2), (12.4, 6.2), (14.6, 4.1), (19.4, 4.4), (21.6, 6.3), (25.4, 6.3), (23.4, 10.3), (21.4, 10.3), (19.6, 10.3), (18.5, 10.3), (16.6, 2.1), (11.5, 3.3), (6.6, 0.4), (4.6, -1.73), (3.6, -4.6), (5.4, -7.5), (9.4, -9.73), (7.4, -9.73), (-1.4, -1.8), (1.6, 0.27), (1.4, 3.3), (-0.4, 5.466), (-2.6, 7.266), (-4.6, 12.266), (-4.4, 10.4), (-7.6, 5.26), (-9.6, 3.33), (-13.6, 1.266), (-15.6, -0.733)
9: (-5.8, 9), (0.5, 1.2), (5.2, -3.2), (3.3, 3.3), (8.4, 29.1), (8.4, 26.4), (8.4, 19.9), (15.6, 22.7), (20.6, 32.2), (21.7, 28.7)
11: (-0.05, -7.89), (0, -5.684), (-2, -3.526), (5.526, 1.26), (2.5, 0.73), (2.3684, 6.421), (2.947, 10.42), (13.6, 10.368), (11.57894, 12.789), (3.15789, 15.3684), (11.421, 17.3157), (7.526, 20.05), (13.4736, 18.947), (23.5263, 19)
14: (242, 286), (289, 221), (246, 97), (243, 36), (538, 166)
15: (4.2, 3.9666), (4.68333, 2.8), (4.18333, 0.7333), (1.5666, 1.15), (-0.15, 2.05), (-0.9, -0.5333), (3.65, -1.51666)
16: (-2.978, 3.3913), (-2.0434, 1.3478), (3.10869, 1.393), (-0.69565, 1.8913), (0.9347826, 0.19565), (1.4347, -1.08695), (3.782, -2.10869), (5.2826, -6.76), (-3.0869, -3.61), (-3.23913, -6.1739), (-5.326, -7.630)
22: (-68.6, 76.6), (-79.8, 36), (-69.2, 2.8)
25: (0, 0) 
26: (14.5, 1.5), (-5.5, 1.5)